route_id,service_id,trip_id,shape_id
0,1,0_6_0,0
0,1,0_6_10,0
0,1,0_6_20,0
0,1,0_6_30,0
0,1,0_6_40,0
0,1,0_6_50,0
0,1,0_7_0,0
0,1,0_7_10,0
0,1,0_7_20,0
0,1,0_7_30,0
0,1,0_7_40,0
0,1,0_7_50,0
0,1,0_8_0,0
0,1,0_8_10,0
0,1,0_8_20,0
0,1,0_8_30,0
0,1,0_8_40,0
0,1,0_8_50,0
0,1,0_9_0,0
0,1,0_9_10,0
0,1,0_9_20,0
0,1,0_9_30,0
0,1,0_9_40,0
0,1,0_9_50,0
0,1,0_10_0,0
0,1,0_10_10,0
0,1,0_10_20,0
0,1,0_10_30,0
0,1,0_10_40,0
0,1,0_10_50,0
0,1,0_11_0,0
0,1,0_11_10,0
0,1,0_11_20,0
0,1,0_11_30,0
0,1,0_11_40,0
0,1,0_11_50,0
0,1,0_12_0,0
0,1,0_12_10,0
0,1,0_12_20,0
0,1,0_12_30,0
0,1,0_12_40,0
0,1,0_12_50,0
0,1,0_13_0,0
0,1,0_13_20,0
0,1,0_13_30,0
0,1,0_13_40,0
0,1,0_13_50,0
0,1,0_14_0,0
0,1,0_14_10,0
0,1,0_14_20,0
0,1,0_14_30,0
0,1,0_14_40,0
0,1,0_14_50,0
0,1,0_15_0,0
0,1,0_15_10,0
0,1,0_15_20,0
0,1,0_15_30,0
0,1,0_15_40,0
0,1,0_15_50,0
0,1,0_16_0,0
0,1,0_16_10,0
0,1,0_16_20,0
0,1,0_16_30,0
0,1,0_16_40,0
0,1,0_16_50,0
0,1,0_17_0,0
0,1,0_17_10,0
0,1,0_17_20,0
0,1,0_17_30,0
0,1,0_17_40,0
0,1,0_17_50,0
0,1,0_18_0,0
0,1,0_18_10,0
0,1,0_18_20,0
0,1,0_18_30,0
0,1,0_18_40,0
0,1,0_18_50,0
0,1,0_19_0,0
0,1,0_19_10,0
0,1,0_19_20,0
0,1,0_19_30,0
0,1,0_19_40,0
0,1,0_19_50,0
0,1,0_20_0,0
0,1,0_20_10,0
0,1,0_20_20,0
0,1,0_20_30,0
0,1,0_20_40,0
0,1,0_20_50,0
0,1,0_21_0,0
0,1,0_21_10,0
0,1,0_21_20,0
0,1,0_21_30,0
0,1,0_21_50,0
1116,1,1116_13_55,
1116,1,1116_16_3,
1116,1,1116_14_59,
1116,1,1116_8_8,
1116,1,1116_6_0,
1116,1,1116_7_4,
1116,1,1116_18_48,
1116,1,1116_17_12,
1116,1,1116_19_52,
1116,1,1116_9_12,
1116,1,1116_10_48,
1116,1,1116_11_52,
1423,1,1423_5_0,
1423,1,1423_5_10,
1423,1,1423_5_20,
1423,1,1423_5_30,
1423,1,1423_5_40,
1423,1,1423_5_50,
1423,1,1423_6_0,
1423,1,1423_6_10,
1423,1,1423_6_20,
1423,1,1423_6_30,
1423,1,1423_6_40,
1423,1,1423_6_50,
1423,1,1423_7_0,
1423,1,1423_7_10,
1423,1,1423_7_20,
1423,1,1423_7_30,
1423,1,1423_7_40,
1423,1,1423_7_50,
1423,1,1423_8_0,
1423,1,1423_8_10,
1423,1,1423_8_20,
1423,1,1423_8_30,
1423,1,1423_8_40,
1423,1,1423_8_50,
1423,1,1423_9_0,
1423,1,1423_9_10,
1423,1,1423_9_20,
1423,1,1423_9_30,
1423,1,1423_9_40,
1423,1,1423_9_50,
1423,1,1423_10_0,
1423,1,1423_10_10,
1423,1,1423_10_20,
1423,1,1423_10_30,
1423,1,1423_10_40,
1423,1,1423_10_50,
1423,1,1423_11_0,
1423,1,1423_11_10,
1423,1,1423_11_20,
1423,1,1423_11_30,
1423,1,1423_11_40,
1423,1,1423_11_50,
1423,1,1423_12_0,
1423,1,1423_12_10,
1423,1,1423_12_20,
1423,1,1423_12_30,
1423,1,1423_12_50,
1423,1,1423_13_0,
1423,1,1423_13_10,
1423,1,1423_13_20,
1423,1,1423_13_30,
1423,1,1423_13_40,
1423,1,1423_13_50,
1423,1,1423_14_0,
1423,1,1423_14_10,
1423,1,1423_14_20,
1423,1,1423_14_30,
1423,1,1423_14_40,
1423,1,1423_14_50,
1423,1,1423_15_0,
1423,1,1423_15_10,
1423,1,1423_15_20,
1423,1,1423_15_30,
1423,1,1423_15_40,
1423,1,1423_15_50,
1423,1,1423_16_0,
1423,1,1423_16_10,
1423,1,1423_16_20,
1423,1,1423_16_30,
1423,1,1423_16_40,
1423,1,1423_16_50,
1423,1,1423_17_0,
1423,1,1423_17_10,
1423,1,1423_17_20,
1423,1,1423_17_30,
1423,1,1423_17_40,
1423,1,1423_17_50,
1423,1,1423_18_0,
1423,1,1423_18_10,
1423,1,1423_18_20,
1423,1,1423_18_30,
1423,1,1423_18_40,
1423,1,1423_18_50,
1423,1,1423_19_0,
1423,1,1423_19_10,
1423,1,1423_19_20,
1423,1,1423_19_30,
1423,1,1423_20_10,
1466,1,1466_5_0,
1466,1,1466_5_10,
1466,1,1466_5_20,
1466,1,1466_5_30,
1466,1,1466_5_40,
1466,1,1466_5_50,
1466,1,1466_6_0,
1466,1,1466_6_10,
1466,1,1466_6_20,
1466,1,1466_6_30,
1466,1,1466_6_40,
1466,1,1466_6_50,
1466,1,1466_7_0,
1466,1,1466_7_10,
1466,1,1466_7_20,
1466,1,1466_7_30,
1466,1,1466_7_40,
1466,1,1466_7_50,
1466,1,1466_8_0,
1466,1,1466_8_10,
1466,1,1466_8_20,
1466,1,1466_8_30,
1466,1,1466_8_40,
1466,1,1466_8_50,
1466,1,1466_9_0,
1466,1,1466_9_20,
1544,1,1544_8_19,
1544,1,1544_16_55,
1544,1,1544_17_19,
1544,1,1544_5_19,
1544,1,1544_7_37,
1544,1,1544_16_19,
1544,1,1544_6_7,
1544,1,1544_7_31,
1544,1,1544_7_55,
1544,1,1544_9_7,
1544,1,1544_13_7,
1544,1,1544_9_19,
1544,1,1544_6_55,
1544,1,1544_14_43,
1544,1,1544_15_43,
1544,1,1544_16_7,
1544,1,1544_8_43,
1544,1,1544_16_31,
1544,1,1544_9_31,
1544,1,1544_15_25,
1544,1,1544_8_31,
1544,1,1544_17_7,
1544,1,1544_13_55,
1544,1,1544_15_19,
